-0.9999999999999999 -0.03165816715255698
-0.8999999999999999 -0.03165816715255698
-0.7999999999999999 -0.03165816715255698
-0.7 -0.03165816715255698
-0.6 -0.03165816715255698
-0.5 0.2743756698572869
-0.4 0.48180074334094747
-0.30000000000000004 0.6417753537831444
-0.2 0.7766348197045545
-0.1 0.8946288312259074
0 1
0 1
0.1 1.0953034552457377
0.2 1.1822317038991927
0.30000000000000004 1.2619800618863266
0.4 1.3354325076222875
0.5 1.4032658137620913
0.6 1.466012216183053
0.7 1.5240992797302988
0.7999999999999999 1.577876404871055
0.8999999999999999 1.6276330996626966
0.9999999999999999 1.673611958438287
1.0999999999999999 1.7160181159305858
1.2 1.7550262828147318
1.3 1.7907860776841005
1.4000000000000001 1.8234261311833575
1.5000000000000002 1.8530572867947972
1.6000000000000003 1.879775124450705
1.7000000000000004 1.9036619675421766
1.8000000000000005 1.9247884889833262
1.9000000000000006 1.9432150002032105
2.0000000000000004 1.9589924827502208
2.1000000000000005 1.9721633989077345
2.2000000000000006 1.9827622754724756
2.3000000000000007 1.9908158785362355
2.400000000000001 1.996341326682476
2.500000000000001 1.9992969992325045
2.600000000000001 2.00023458120187
2.700000000000001 2.00023458120187
2.800000000000001 2.00023458120187
2.9000000000000012 2.00023458120187
3.0000000000000013 2.00023458120187
