-0.9999999999999999 -0.15780065146391425
-0.8999999999999999 -0.15780065146391425
-0.7999999999999999 -0.15780065146391425
-0.7 -0.15780065146391425
-0.6 -0.15780065146391425
-0.5 0.10283615773397253
-0.4 0.4156009231978923
-0.30000000000000004 0.611385199293105
-0.2 0.7647811904158993
-0.1 0.8919355066553628
0 1
0 1
0.1 1.0929497579757033
0.2 1.1732783405648304
0.30000000000000004 1.2426710729349821
0.4 1.3023243250304204
0.5 1.3531153670512825
0.6 1.3957004217950117
0.7 1.430574666581551
0.7999999999999999 1.45811034132284
0.8999999999999999 1.4785806727932655
0.9999999999999999 1.4921672303296483
1.0999999999999999 1.4985581467693097
1.2 1.5007515007646777
1.3 1.5007515007646777
1.4000000000000001 1.5007515007646777
1.5000000000000002 1.5007515007646777
1.6000000000000003 1.5007515007646777
1.7000000000000004 1.5007515007646777
1.8000000000000005 1.5007515007646777
1.9000000000000006 1.5007515007646777
2.0000000000000004 1.5007515007646777
2.1000000000000005 1.5007515007646777
2.2000000000000006 1.5007515007646777
2.3000000000000007 1.5007515007646777
2.400000000000001 1.5007515007646777
2.500000000000001 1.5007515007646777
2.600000000000001 1.5007515007646777
2.700000000000001 1.5007515007646777
2.800000000000001 1.5007515007646777
2.9000000000000012 1.5007515007646777
3.0000000000000013 1.5007515007646777
