-0.9999999999999999 -0.0729239192981625
-0.8999999999999999 0.17371358248818042
-0.7999999999999999 0.2844581410383142
-0.7 0.3792063738559661
-0.6 0.4670177387312432
-0.5 0.5519324750018372
-0.4 0.6363910978371385
-0.30000000000000004 0.7221339291444445
-0.2 0.810543888860803
-0.1 0.9028071644455262
0 1
0 1
0.1 1.1031410135607622
0.2 1.2132258021808893
0.30000000000000004 1.3312517409027398
0.4 1.4582371378100867
0.5 1.5952370154756859
0.6 1.7433568776232964
0.7 1.9037653086990167
0.7999999999999999 2.0777059663457966
0.8999999999999999 2.2665093576279802
0.9999999999999999 2.4716046876774542
1.0999999999999999 2.6945320066253795
1.2 2.936954841871638
1.3 3.2006734790748834
1.4000000000000001 3.487639041474684
1.5000000000000002 3.799968510103649
1.6000000000000003 4.13996082514792
1.7000000000000004 4.510114209940617
1.8000000000000005 4.913144863051795
1.9000000000000006 5.35200717018568
2.0000000000000004 5.829915595813763
2.1000000000000005 6.350368424487625
2.2000000000000006 6.917173533499741
2.3000000000000007 7.534476391966117
2.400000000000001 8.206790496507708
2.500000000000001 8.939030470559025
2.600000000000001 9.73654807301084
2.700000000000001 10.605171382502416
2.800000000000001 11.551247446341964
2.9000000000000012 12.581688707897289
3.0000000000000013 13.704023553527756
