-0.9999999999999999 -0.05498325691204706
-0.8999999999999999 -0.05498325691204706
-0.7999999999999999 -0.05498325691204706
-0.7 -0.05498325691204706
-0.6 0.21537167870708332
-0.5 0.3968443770357636
-0.4 0.5428821973833408
-0.30000000000000004 0.6712869151617045
-0.2 0.7883733610944652
-0.1 0.8973170647855996
0 1
0 1
0.1 1.0976534271022267
0.2 1.1911384667828975
0.30000000000000004 1.2810871791994183
0.4 1.3679808110592915
0.5 1.4521964894569672
0.6 1.534036701632249
0.7 1.6137487649976512
0.7999999999999999 1.6915381694104148
0.8999999999999999 1.767578006003114
0.9999999999999999 1.8420158064950458
1.0999999999999999 1.9149786165217662
1.2 1.9865768328787252
1.3 2.0569071557499785
1.4000000000000001 2.126054894533545
1.5000000000000002 2.1940957931325684
1.6000000000000003 2.2610974923444687
1.7000000000000004 2.3271207142772474
1.8000000000000005 2.392220231106218
1.9000000000000006 2.456445664562006
2.0000000000000004 2.519842151147412
2.1000000000000005 2.5824508998070588
2.2000000000000006 2.6443096626837215
2.3000000000000007 2.7054531350566706
2.400000000000001 2.7659132971360467
2.500000000000001 2.825719707780844
2.600000000000001 2.8848997582028626
2.700000000000001 2.943478892162166
2.800000000000001 3.0014807979406033
2.9000000000000012 3.058927576417858
3.0000000000000013 3.115839888809508
