-0.9999999999999999 -2.7755575615628914e-17
-0.8999999999999999 0.09999999999999999
-0.7999999999999999 0.2
-0.7 0.30000000000000004
-0.6 0.4000000000000001
-0.5 0.5000000000000001
-0.4 0.6000000000000001
-0.30000000000000004 0.7000000000000001
-0.2 0.8
-0.1 0.9
0 1
0 1
0.1 1.1
0.2 1.2000000000000002
0.30000000000000004 1.3000000000000003
0.4 1.4000000000000004
0.5 1.5000000000000004
0.6 1.6000000000000005
0.7 1.7000000000000006
0.7999999999999999 1.8000000000000007
0.8999999999999999 1.9000000000000008
0.9999999999999999 2.000000000000001
1.0999999999999999 2.100000000000001
1.2 2.200000000000001
1.3 2.300000000000001
1.4000000000000001 2.4000000000000012
1.5000000000000002 2.5000000000000013
1.6000000000000003 2.6000000000000014
1.7000000000000004 2.7000000000000015
1.8000000000000005 2.8000000000000016
1.9000000000000006 2.9000000000000017
2.0000000000000004 3.0000000000000018
2.1000000000000005 3.100000000000002
2.2000000000000006 3.200000000000002
2.3000000000000007 3.300000000000002
2.400000000000001 3.400000000000002
2.500000000000001 3.500000000000002
2.600000000000001 3.6000000000000023
2.700000000000001 3.7000000000000024
2.800000000000001 3.8000000000000025
2.9000000000000012 3.9000000000000026
3.0000000000000013 4.000000000000003
